xof 0303txt 0032
template AnimTicksPerSecond {
 <9e415a43-7ba6-4a73-8743-b73d47e88476>
 DWORD AnimTicksPerSecond;
}

template Frame {
 <3d82ab46-62da-11cf-ab39-0020af71e433>
 [...]
}

template Matrix4x4 {
 <f6f23f45-7686-11cf-8f52-0040333594a3>
 array FLOAT matrix[16];
}

template FrameTransformMatrix {
 <f6f23f41-7686-11cf-8f52-0040333594a3>
 Matrix4x4 frameMatrix;
}

template Vector {
 <3d82ab5e-62da-11cf-ab39-0020af71e433>
 FLOAT x;
 FLOAT y;
 FLOAT z;
}

template MeshFace {
 <3d82ab5f-62da-11cf-ab39-0020af71e433>
 DWORD nFaceVertexIndices;
 array DWORD faceVertexIndices[nFaceVertexIndices];
}

template Mesh {
 <3d82ab44-62da-11cf-ab39-0020af71e433>
 DWORD nVertices;
 array Vector vertices[nVertices];
 DWORD nFaces;
 array MeshFace faces[nFaces];
 [...]
}

template MeshNormals {
 <f6f23f43-7686-11cf-8f52-0040333594a3>
 DWORD nNormals;
 array Vector normals[nNormals];
 DWORD nFaceNormals;
 array MeshFace faceNormals[nFaceNormals];
}

template Coords2d {
 <f6f23f44-7686-11cf-8f52-0040333594a3>
 FLOAT u;
 FLOAT v;
}

template MeshTextureCoords {
 <f6f23f40-7686-11cf-8f52-0040333594a3>
 DWORD nTextureCoords;
 array Coords2d textureCoords[nTextureCoords];
}

template ColorRGBA {
 <35ff44e0-6c7c-11cf-8f52-0040333594a3>
 FLOAT red;
 FLOAT green;
 FLOAT blue;
 FLOAT alpha;
}

template IndexedColor {
 <1630b820-7842-11cf-8f52-0040333594a3>
 DWORD index;
 ColorRGBA indexColor;
}

template MeshVertexColors {
 <1630b821-7842-11cf-8f52-0040333594a3>
 DWORD nVertexColors;
 array IndexedColor vertexColors[nVertexColors];
}

template ColorRGB {
 <d3e16e81-7835-11cf-8f52-0040333594a3>
 FLOAT red;
 FLOAT green;
 FLOAT blue;
}

template Material {
 <3d82ab4d-62da-11cf-ab39-0020af71e433>
 ColorRGBA faceColor;
 FLOAT power;
 ColorRGB specularColor;
 ColorRGB emissiveColor;
 [...]
}

template MeshMaterialList {
 <f6f23f42-7686-11cf-8f52-0040333594a3>
 DWORD nMaterials;
 DWORD nFaceIndexes;
 array DWORD faceIndexes[nFaceIndexes];
 [Material <3d82ab4d-62da-11cf-ab39-0020af71e433>]
}

template TextureFilename {
 <a42790e1-7810-11cf-8f52-0040333594a3>
 STRING filename;
}

template XSkinMeshHeader {
 <3cf169ce-ff7c-44ab-93c0-f78f62d172e2>
 WORD nMaxSkinWeightsPerVertex;
 WORD nMaxSkinWeightsPerFace;
 WORD nBones;
}

template SkinWeights {
 <6f0d123b-bad2-4167-a0d0-80224f25fabb>
 STRING transformNodeName;
 DWORD nWeights;
 array DWORD vertexIndices[nWeights];
 array FLOAT weights[nWeights];
 Matrix4x4 matrixOffset;
}

template Animation {
 <3d82ab4f-62da-11cf-ab39-0020af71e433>
 [...]
}

template AnimationSet {
 <3d82ab50-62da-11cf-ab39-0020af71e433>
 [Animation <3d82ab4f-62da-11cf-ab39-0020af71e433>]
}

template FloatKeys {
 <10dd46a9-775b-11cf-8f52-0040333594a3>
 DWORD nValues;
 array FLOAT values[nValues];
}

template TimedFloatKeys {
 <f406b180-7b3b-11cf-8f52-0040333594a3>
 DWORD time;
 FloatKeys tfkeys;
}

template AnimationKey {
 <10dd46a8-775b-11cf-8f52-0040333594a3>
 DWORD keyType;
 DWORD nKeys;
 array TimedFloatKeys keys[nKeys];
}


AnimTicksPerSecond {
 4800;
}

Frame Character1_Reference {
 

 FrameTransformMatrix {
  -0.000000,0.000000,-0.015000,0.000000,0.000000,0.015000,-0.000000,0.000000,0.015000,-0.000000,-0.000000,0.000000,0.000000,0.000000,0.000000,1.000000;;
 }

 Frame Character1_Hips {
  

  FrameTransformMatrix {
   0.003552,0.999993,0.000000,0.000000,0.000000,-0.000000,0.999999,0.000000,0.999993,-0.003552,-0.000000,0.000000,0.000000,86.858202,1.182688,1.000000;;
  }

  Frame Character1_LeftUpLeg {
   

   FrameTransformMatrix {
    -0.999184,-0.022348,-0.033655,0.000000,-0.022363,0.999750,0.000094,0.000000,0.033645,0.000847,-0.999434,0.000000,-6.031914,0.207883,7.298302,1.000000;;
   }

   Frame Character1_LeftLeg {
    

    FrameTransformMatrix {
     0.999459,-0.032891,0.000003,0.000000,0.032891,0.999459,-0.000005,0.000000,-0.000002,0.000005,1.000000,0.000000,35.179773,-0.801095,0.514626,1.000000;;
    }

    Frame Character1_LeftFoot {
     

     FrameTransformMatrix {
      0.860310,0.509771,0.000007,0.000000,-0.509771,0.860309,0.000006,0.000000,-0.000003,-0.000009,1.000000,0.000000,37.866618,0.382815,-0.377702,1.000000;;
     }

     Frame Character1_LeftToeBase {
      

      FrameTransformMatrix {
       0.461453,0.887165,-0.000107,0.000000,-0.885794,0.460733,-0.055624,0.000000,-0.049298,0.025763,0.998452,0.000000,8.429566,4.771042,-0.392169,1.000000;;
      }
     }
    }
   }
  }

  Frame Character1_RightUpLeg {
   

   FrameTransformMatrix {
    -0.999743,-0.022391,0.003546,0.000000,-0.022391,0.999750,0.000065,0.000000,-0.003547,-0.000015,-0.999994,0.000000,-6.083572,0.207878,-7.255262,1.000000;;
   }

   Frame Character1_RightLeg {
    

    FrameTransformMatrix {
     0.999459,-0.032899,-0.000003,0.000000,0.032899,0.999459,-0.000015,0.000000,0.000003,0.000015,1.000000,0.000000,35.136365,-0.801128,-1.823370,1.000000;;
    }

    Frame Character1_RightFoot {
     

     FrameTransformMatrix {
      0.860310,0.509772,-0.000004,0.000000,-0.509771,0.860310,0.000002,0.000000,0.000005,0.000000,1.000000,0.000000,37.854541,0.382444,-1.031455,1.000000;;
     }

     Frame Character1_RightToeBase {
      

      FrameTransformMatrix {
       0.461444,0.887169,-0.000119,0.000000,-0.887169,0.461444,-0.000003,0.000000,0.000053,0.000107,1.000000,0.000000,8.439236,4.766033,0.202567,1.000000;;
      }
     }
    }
   }
  }

  Frame Character1_Spine {
   

   FrameTransformMatrix {
    0.996336,0.085455,-0.003539,0.000000,-0.085454,0.996343,0.000304,0.000000,0.003552,0.000000,0.999994,0.000000,2.271332,0.818150,-0.008070,1.000000;;
   }

   Frame Character1_Spine1 {
    

    FrameTransformMatrix {
     0.995165,-0.098224,0.000000,0.000000,0.098224,0.995165,0.000000,0.000000,0.000000,-0.000000,1.000000,0.000000,9.134354,0.175516,-0.000001,1.000000;;
    }

    Frame Character1_Spine2 {
     

     FrameTransformMatrix {
      0.954485,-0.298259,-0.001045,0.000000,0.298212,0.954386,-0.014784,0.000000,0.005407,0.013799,0.999891,0.000000,8.766662,-0.030447,-0.000002,1.000000;;
     }

     Frame Character1_LeftShoulder {
      

      FrameTransformMatrix {
       -0.001024,-0.014777,0.999891,0.000000,-0.310475,0.950484,0.013729,0.000000,-0.950582,-0.310427,-0.005562,0.000000,12.236671,-0.139500,4.222680,1.000000;;
      }

      Frame Character1_LeftArm {
       

       FrameTransformMatrix {
        0.999985,0.001354,0.005254,0.000000,-0.001354,0.999999,0.000008,0.000000,-0.005254,-0.000015,0.999986,0.000000,5.543689,-0.000005,0.000092,1.000000;;
       }

       Frame Character1_LeftForeArm {
        

        FrameTransformMatrix {
         0.999998,0.000855,0.002082,0.000000,-0.000855,1.000000,-0.000249,0.000000,-0.002082,0.000247,0.999998,0.000000,23.377723,0.001719,0.001183,1.000000;;
        }

        Frame Character1_LeftHand {
         

         FrameTransformMatrix {
          0.999042,-0.002055,-0.043758,0.000000,-0.007443,0.976412,-0.215795,0.000000,0.043170,0.215914,0.975459,0.000000,16.248200,-0.000063,0.000015,1.000000;;
         }

         Frame Character1_LeftHandThumb1 {
          

          FrameTransformMatrix {
           0.766056,0.465453,0.443299,0.000000,-0.150625,-0.540470,0.827772,0.000000,0.624879,-0.700892,-0.343921,0.000000,2.476070,1.826630,1.423592,1.000000;;
          }

          Frame Character1_LeftHandThumb2 {
           

           FrameTransformMatrix {
            0.991506,0.115760,0.059295,0.000000,-0.115533,0.993277,-0.007242,0.000000,-0.059735,0.000330,0.998214,0.000000,3.214539,0.198586,0.152290,1.000000;;
           }

           Frame Character1_LeftHandThumb3 {
            

            FrameTransformMatrix {
             0.996804,-0.074258,0.029567,0.000000,0.074230,0.997241,0.002058,0.000000,-0.029638,0.000144,0.999564,0.000000,1.756592,-0.100334,0.008476,1.000000;;
            }

            Frame Character1_LeftHandThumb4 {
             

             FrameTransformMatrix {
              0.998411,-0.052808,-0.019930,0.000000,0.051719,0.997327,-0.051670,0.000000,0.022606,0.050557,0.998469,0.000000,2.630421,-0.114388,-0.057083,1.000000;;
             }
            }
           }
          }
         }

         Frame Character1_LeftHandIndex1 {
          

          FrameTransformMatrix {
           0.996665,-0.010189,0.080983,0.000000,-0.006845,0.978251,0.207320,0.000000,-0.081334,-0.207182,0.974917,0.000000,8.074932,2.571335,-0.142830,1.000000;;
          }

          Frame Character1_LeftHandIndex2 {
           

           FrameTransformMatrix {
            0.999739,0.008437,-0.021212,0.000000,-0.008340,0.999954,0.004644,0.000000,0.021250,-0.004466,0.999764,0.000000,2.426044,0.250706,-0.118660,1.000000;;
           }

           Frame Character1_LeftHandIndex3 {
            

            FrameTransformMatrix {
             0.992315,-0.008861,-0.123445,0.000000,0.009541,0.999945,0.004918,0.000000,0.123394,-0.006058,0.992341,0.000000,1.609661,0.011821,-0.045830,1.000000;;
            }

            Frame Character1_LeftHandIndex4 {
             

             FrameTransformMatrix {
              0.997700,-0.067842,0.000566,0.000000,-0.001105,-0.024593,-0.999699,0.000000,0.067835,0.997395,-0.024611,0.000000,2.124977,0.100698,0.163696,1.000000;;
             }
            }
           }
          }
         }

         Frame Character1_LeftHandMiddle1 {
          

          FrameTransformMatrix {
           0.994226,-0.100814,-0.036801,0.000000,0.104355,0.988196,0.112174,0.000000,0.025058,-0.115367,0.993008,0.000000,8.069599,0.582163,-0.602119,1.000000;;
          }

          Frame Character1_LeftHandMiddle2 {
           

           FrameTransformMatrix {
            0.989904,0.032776,0.137897,0.000000,-0.023423,0.997348,-0.068911,0.000000,-0.139790,0.064985,0.988046,0.000000,2.506310,0.148199,0.379364,1.000000;;
           }

           Frame Character1_LeftHandMiddle3 {
            

            FrameTransformMatrix {
             0.993591,-0.037835,-0.106513,0.000000,0.032922,0.998328,-0.047509,0.000000,0.108133,0.043698,0.993176,0.000000,1.943115,-0.006784,0.016167,1.000000;;
            }

            Frame Character1_LeftHandMiddle4 {
             

             FrameTransformMatrix {
              0.997608,0.038834,0.057236,0.000000,0.057155,0.003184,-0.998362,0.000000,-0.038952,0.999242,0.000957,0.000000,2.201359,0.091099,0.011726,1.000000;;
             }
            }
           }
          }
         }

         Frame Character1_LeftHandRing1 {
          

          FrameTransformMatrix {
           0.955245,-0.229705,0.186405,0.000000,0.256049,0.957596,-0.132105,0.000000,-0.148156,0.173921,0.973552,0.000000,7.679257,-1.262621,-0.624619,1.000000;;
          }

          Frame Character1_LeftHandRing2 {
           

           FrameTransformMatrix {
            0.993300,-0.008471,0.115245,0.000000,0.003104,0.998905,0.046664,0.000000,-0.115514,-0.045994,0.992240,0.000000,2.368261,-0.075413,0.109825,1.000000;;
           }

           Frame Character1_LeftHandRing3 {
            

            FrameTransformMatrix {
             0.997669,0.002901,-0.068228,0.000000,-0.006736,0.998408,-0.056045,0.000000,0.067956,0.056374,0.996097,0.000000,1.590744,0.016659,-0.086082,1.000000;;
            }

            Frame Character1_LeftHandRing4 {
             

             FrameTransformMatrix {
              0.999416,0.005353,-0.033885,0.000000,-0.005127,0.999967,0.006751,0.000000,0.033920,-0.006573,0.999405,0.000000,2.522654,-0.011562,-0.238419,1.000000;;
             }
            }
           }
          }
         }

         Frame Character1_LeftHandPinky1 {
          

          FrameTransformMatrix {
           0.885550,-0.356575,0.297757,0.000000,0.415236,0.894958,-0.163195,0.000000,-0.208288,0.268156,0.940591,0.000000,6.575283,-2.783564,-0.228363,1.000000;;
          }

          Frame Character1_LeftHandPinky2 {
           

           FrameTransformMatrix {
            0.998398,-0.044877,-0.034535,0.000000,0.046155,0.998247,0.037121,0.000000,0.032808,-0.038655,0.998716,0.000000,1.809681,0.013283,-0.001442,1.000000;;
           }

           Frame Character1_LeftHandPinky3 {
            

            FrameTransformMatrix {
             0.999736,0.002326,-0.023017,0.000000,-0.002788,0.999798,-0.020062,0.000000,0.022966,0.020120,0.999537,0.000000,1.391068,0.000282,0.024765,1.000000;;
            }

            Frame Character1_LeftHandPinky4 {
             

             FrameTransformMatrix {
              0.999957,-0.006469,-0.007384,0.000000,0.005734,0.995409,-0.095585,0.000000,0.007968,0.095538,0.995398,0.000000,1.920933,-0.029922,-0.002350,1.000000;;
             }
            }
           }
          }
         }
        }

        Frame J_L_Sode_D00 {
         

         FrameTransformMatrix {
          0.975225,-0.114323,0.189388,0.000000,-0.157311,0.243524,0.957053,0.000000,-0.155534,-0.963134,0.219507,0.000000,4.395512,0.271871,3.898804,1.000000;;
         }

         Frame J_L_Sode_D01 {
          

          FrameTransformMatrix {
           1.000000,0.000000,0.000000,0.000000,-0.000000,1.000000,0.000000,0.000000,0.000000,-0.000000,1.000000,0.000000,14.457131,-0.081635,-0.739906,1.000000;;
          }
         }
        }

        Frame J_L_Sode_A00 {
         

         FrameTransformMatrix {
          0.970933,0.153062,-0.184017,0.000000,-0.175625,0.977924,-0.113238,0.000000,0.162622,0.142264,0.976379,0.000000,4.704529,3.601033,0.102943,1.000000;;
         }

         Frame J_L_Sode_A01 {
          

          FrameTransformMatrix {
           1.000000,-0.000000,0.000000,0.000000,0.000000,-0.066266,-0.997802,0.000000,-0.000000,0.997802,-0.066266,0.000000,14.825142,-1.089508,1.834221,1.000000;;
          }
         }
        }

        Frame J_L_Sode_B00 {
         

         FrameTransformMatrix {
          0.994867,-0.001060,-0.101195,0.000000,-0.101194,0.000346,-0.994867,0.000000,0.001090,1.000000,0.000237,0.000000,4.425114,0.025279,-3.773071,1.000000;;
         }

         Frame J_L_Sode_B01 {
          

          FrameTransformMatrix {
           1.000000,-0.000000,0.000000,0.000000,0.000000,1.000000,0.000000,0.000000,0.000000,-0.000000,1.000000,0.000000,15.087291,0.000008,0.000000,1.000000;;
          }
         }
        }

        Frame J_L_Sode_C00 {
         

         FrameTransformMatrix {
          0.962240,-0.268684,0.043659,0.000000,-0.268402,-0.963229,-0.012301,0.000000,0.045359,0.000118,-0.998972,0.000000,4.139004,-4.891024,1.278885,1.000000;;
         }

         Frame J_L_Sode_C01 {
          

          FrameTransformMatrix {
           1.000000,0.000000,0.000000,0.000000,0.000000,1.000000,0.000000,0.000000,-0.000000,0.000000,1.000000,0.000000,16.287877,-0.000001,0.000008,1.000000;;
          }
         }
        }
       }
      }
     }

     Frame Character1_RightShoulder {
      

      FrameTransformMatrix {
       0.001066,0.014791,-0.999891,0.000000,-0.310475,0.950484,0.013729,0.000000,0.950582,0.310426,0.005606,0.000000,12.245483,-0.014977,-4.199365,1.000000;;
      }

      Frame Character1_RightArm {
       

       FrameTransformMatrix {
        0.999985,0.001354,-0.005253,0.000000,-0.001354,0.999999,-0.000008,0.000000,0.005253,0.000015,0.999986,0.000000,5.543732,-0.000005,-0.000099,1.000000;;
       }

       Frame Character1_RightForeArm {
        

        FrameTransformMatrix {
         0.999997,0.000881,-0.002094,0.000000,-0.000881,1.000000,0.000261,0.000000,0.002095,-0.000259,0.999998,0.000000,23.377886,0.001742,-0.001282,1.000000;;
        }

        Frame Character1_RightHand {
         

         FrameTransformMatrix {
          0.985508,-0.000730,-0.169628,0.000000,0.001295,0.999994,0.003224,0.000000,0.169625,-0.003397,0.985503,0.000000,16.248013,-0.000066,0.000175,1.000000;;
         }

         Frame Character1_RightHandThumb1 {
          

          FrameTransformMatrix {
           0.848203,0.470922,-0.242462,0.000000,-0.078447,0.564396,0.821769,0.000000,0.523833,-0.678006,0.515664,0.000000,2.633890,2.086117,-0.452690,1.000000;;
          }

          Frame Character1_RightHandThumb2 {
           

           FrameTransformMatrix {
            0.999754,-0.000990,0.022138,0.000000,-0.000471,0.997826,0.065900,0.000000,-0.022155,-0.065894,0.997581,0.000000,3.202942,0.112793,0.060242,1.000000;;
           }

           Frame Character1_RightHandThumb3 {
            

            FrameTransformMatrix {
             0.999330,0.028303,0.023284,0.000000,-0.027853,0.999424,-0.019446,0.000000,-0.023821,0.018784,0.999542,0.000000,1.758629,0.051132,0.015213,1.000000;;
            }

            Frame Character1_RightHandThumb4 {
             

             FrameTransformMatrix {
              0.989954,0.140061,-0.019421,0.000000,-0.133655,0.971689,0.194834,0.000000,0.046160,-0.190280,0.980646,0.000000,2.628788,0.158775,-0.003029,1.000000;;
             }
            }
           }
          }
         }

         Frame Character1_RightHandIndex1 {
          

          FrameTransformMatrix {
           0.995791,0.032041,0.085888,0.000000,0.045004,-0.987119,-0.153536,0.000000,0.079863,0.156754,-0.984405,0.000000,7.745901,2.477354,2.387733,1.000000;;
          }

          Frame Character1_RightHandIndex2 {
           

           FrameTransformMatrix {
            0.997706,0.003515,0.067616,0.000000,0.000289,0.998422,-0.056158,0.000000,-0.067707,0.056048,0.996129,0.000000,2.423302,-0.223001,-0.200859,1.000000;;
           }

           Frame Character1_RightHandIndex3 {
            

            FrameTransformMatrix {
             0.999491,0.012665,-0.029346,0.000000,-0.014889,0.996932,-0.076866,0.000000,0.028283,0.077264,0.996611,0.000000,1.588623,0.000118,-0.264191,1.000000;;
            }

            Frame Character1_RightHandIndex4 {
             

             FrameTransformMatrix {
              0.974058,0.015632,-0.225766,0.000000,0.012524,0.992361,0.122745,0.000000,0.225960,-0.122388,0.966419,0.000000,2.107471,-0.070412,-0.325401,1.000000;;
             }
            }
           }
          }
         }

         Frame Character1_RightHandMiddle1 {
          

          FrameTransformMatrix {
           0.989742,-0.066479,0.126466,0.000000,-0.046192,-0.986508,-0.157068,0.000000,0.135201,0.149615,-0.979458,0.000000,7.734098,0.436004,2.411079,1.000000;;
          }

          Frame Character1_RightHandMiddle2 {
           

           FrameTransformMatrix {
            0.996725,0.024260,0.077142,0.000000,-0.021646,0.999169,-0.034547,0.000000,-0.077916,0.032764,0.996421,0.000000,2.535496,-0.067982,0.116943,1.000000;;
           }

           Frame Character1_RightHandMiddle3 {
            

            FrameTransformMatrix {
             0.996508,-0.002746,0.083471,0.000000,0.001983,0.999957,0.009231,0.000000,-0.083493,-0.009033,0.996469,0.000000,1.941578,-0.041664,-0.070465,1.000000;;
            }

            Frame Character1_RightHandMiddle4 {
             

             FrameTransformMatrix {
              0.991163,0.019439,-0.131237,0.000000,-0.013007,0.998682,0.049693,0.000000,0.132029,-0.047547,0.990106,0.000000,2.143745,-0.047113,-0.506653,1.000000;;
             }
            }
           }
          }
         }

         Frame Character1_RightHandRing1 {
          

          FrameTransformMatrix {
           0.969366,-0.128915,-0.209079,0.000000,-0.210625,-0.874197,-0.437516,0.000000,-0.126374,0.468149,-0.874567,0.000000,7.430410,-1.371074,1.965599,1.000000;;
          }

          Frame Character1_RightHandRing2 {
           

           FrameTransformMatrix {
            0.987289,0.028222,-0.156408,0.000000,-0.034963,0.998567,-0.040515,0.000000,0.155041,0.045468,0.986861,0.000000,2.345802,-0.000801,-0.350784,1.000000;;
           }

           Frame Character1_RightHandRing3 {
            

            FrameTransformMatrix {
             0.997717,-0.051027,0.044273,0.000000,0.051820,0.998514,-0.016954,0.000000,-0.043342,0.019209,0.998877,0.000000,1.589357,-0.103264,0.037819,1.000000;;
            }

            Frame Character1_RightHandRing4 {
             

             FrameTransformMatrix {
              0.996240,0.007532,-0.086330,0.000000,-0.005353,0.999664,0.025437,0.000000,0.086492,-0.024880,0.995943,0.000000,2.512611,-0.003487,-0.327400,1.000000;;
             }
            }
           }
          }
         }

         Frame Character1_RightHandPinky1 {
          

          FrameTransformMatrix {
           0.942850,-0.284998,-0.172666,0.000000,-0.332823,-0.830817,-0.446067,0.000000,-0.016326,0.478040,-0.878187,0.000000,6.501902,-2.772160,1.036629,1.000000;;
          }

          Frame Character1_RightHandPinky2 {
           

           FrameTransformMatrix {
            0.996375,0.028118,-0.080308,0.000000,-0.024162,0.998468,0.049815,0.000000,0.081585,-0.047693,0.995526,0.000000,1.809765,-0.014420,-0.005280,1.000000;;
           }

           Frame Character1_RightHandPinky3 {
            

            FrameTransformMatrix {
             0.999594,0.000642,0.028554,0.000000,-0.001649,0.999380,0.035239,0.000000,-0.028514,-0.035272,0.998973,0.000000,1.388550,0.026688,0.082825,1.000000;;
            }

            Frame Character1_RightHandPinky4 {
             

             FrameTransformMatrix {
              0.999239,0.035173,-0.017002,0.000000,-0.035642,0.998971,-0.028116,0.000000,0.015996,0.028701,0.999462,0.000000,1.920288,0.051865,-0.025002,1.000000;;
             }
            }
           }
          }
         }
        }

        Frame J_R_Sode_A00 {
         

         FrameTransformMatrix {
          0.982357,0.186879,0.007129,0.000000,-0.186959,0.982283,0.012944,0.000000,-0.004584,-0.014049,0.999891,0.000000,4.704346,3.601106,-0.102959,1.000000;;
         }

         Frame J_R_Sode_A01 {
          

          FrameTransformMatrix {
           1.000000,-0.000000,0.000000,0.000000,0.000000,1.000000,-0.000000,0.000000,-0.000000,0.000000,1.000000,0.000000,14.900757,-1.333243,0.724472,1.000000;;
          }
         }
        }

        Frame J_R_Sode_B00 {
         

         FrameTransformMatrix {
          0.988293,-0.001028,0.152565,0.000000,-0.152565,0.000398,0.988294,0.000000,-0.001076,-1.000000,0.000237,0.000000,4.424988,0.025344,3.772980,1.000000;;
         }

         Frame J_R_Sode_B01 {
          

          FrameTransformMatrix {
           1.000000,0.000000,0.000000,0.000000,0.000000,1.000000,-0.000000,0.000000,-0.000000,-0.000000,1.000000,0.000000,15.067059,-0.781174,0.000000,1.000000;;
          }
         }
        }

        Frame J_R_Sode_D00 {
         

         FrameTransformMatrix {
          0.982766,-0.066305,-0.172552,0.000000,-0.172923,0.000155,-0.984937,0.000000,0.065333,0.997800,-0.011314,0.000000,4.395397,0.270832,-3.898224,1.000000;;
         }

         Frame J_R_Sode_D01 {
          

          FrameTransformMatrix {
           1.000000,-0.000000,0.000000,0.000000,0.000000,1.000000,-0.000000,0.000000,0.000000,0.000000,1.000000,0.000000,14.476336,0.000000,-0.000001,1.000000;;
          }
         }
        }

        Frame J_R_Sode_C00 {
         

         FrameTransformMatrix {
          0.962234,-0.268707,-0.043620,0.000000,-0.268426,-0.963222,0.012302,0.000000,-0.045321,-0.000129,-0.998973,0.000000,4.138790,-4.891170,-1.278694,1.000000;;
         }

         Frame J_R_Sode_C01 {
          

          FrameTransformMatrix {
           1.000000,0.000000,-0.000000,0.000000,0.000000,1.000000,0.000000,0.000000,0.000000,0.000000,1.000000,0.000000,16.287888,0.000003,0.000000,1.000000;;
          }
         }
        }
       }
      }
     }

     Frame Character1_Neck {
      

      FrameTransformMatrix {
       0.935676,0.352807,0.006195,0.000000,-0.352860,0.935580,0.013464,0.000000,-0.001045,-0.014784,0.999891,0.000000,15.685134,0.829849,0.028670,1.000000;;
      }

      Frame Character1_Head {
       

       FrameTransformMatrix {
        0.983428,-0.180625,-0.015702,0.000000,0.181133,0.982579,0.041604,0.000000,0.007914,-0.043758,0.999012,0.000000,7.808304,-0.553453,-0.000000,1.000000;;
       }

       Frame head_back {
        

        FrameTransformMatrix {
         -0.015703,0.041604,0.999011,0.000000,0.990548,0.136815,0.009872,0.000000,-0.136268,0.989723,-0.043359,0.000000,-128.945894,-16.328038,-1.346814,1.000000;;
        }

        Mesh {
         119;
         6.054200;138.458995;-4.046700;,
         3.850300;137.991898;-6.139401;,
         4.181700;141.280307;-6.441501;,
         6.426200;141.421901;-4.260701;,
         5.404100;135.346701;-3.029600;,
         3.049800;134.776307;-4.694500;,
         7.323600;136.282202;-0.512300;,
         6.863000;136.579302;-1.927400;,
         7.693200;138.868506;-0.576100;,
         7.785900;141.638400;-0.597800;,
         6.129200;136.091802;-2.647100;,
         0.000000;134.889894;-5.977800;,
         0.000000;137.598912;-7.311801;,
         1.346100;134.944704;-5.578401;,
         8.046699;135.346995;-3.402000;,
         7.583600;133.250701;-3.040401;,
         8.365000;134.271898;-3.680900;,
         7.215400;135.652301;-1.314200;,
         7.323600;136.282202;-0.512300;,
         6.906300;135.028595;-0.671200;,
         4.665400;133.292608;-2.379500;,
         5.404100;135.346701;-3.029600;,
         5.894300;133.332595;-2.234300;,
         6.900400;135.024000;-3.255900;,
         7.097400;136.143706;-2.863900;,
         7.989200;137.161306;-2.909000;,
         8.518500;136.326093;-3.521900;,
         7.732600;136.401600;-3.393500;,
         7.772200;135.018291;-3.808500;,
         7.556700;137.015898;-2.671700;,
         7.365100;136.587290;-1.350700;,
         7.323600;136.282202;-0.512300;,
         7.365100;136.587290;-1.350700;,
         6.863000;136.579302;-1.927400;,
         7.061100;134.749491;-1.362900;,
         7.583600;133.250701;-3.040401;,
         6.482300;132.527398;-2.122500;,
         7.210800;133.325389;-3.096601;,
         8.365000;134.271898;-3.680900;,
         6.129200;136.091802;-2.647100;,
         5.084900;132.717197;-1.572800;,
         5.589700;132.554304;-1.141000;,
         5.757500;132.432013;-1.430100;,
         5.589700;132.554304;-1.141000;,
         5.757500;132.432013;-1.430100;,
         5.907200;132.821901;-0.963800;,
         6.482300;132.527398;-2.122500;,
         6.382700;133.585408;-0.861400;,
         4.026800;134.028506;-3.484500;,
         4.665400;133.292608;-2.379500;,
         8.719900;135.561498;-3.862700;,
         8.518500;136.326093;-3.521900;,
         8.719900;135.561498;-3.862700;,
         7.227100;136.803098;-2.262000;,
         7.567000;137.042995;-1.970800;,
         7.567000;137.042995;-1.970800;,
         7.180400;134.975795;-2.380000;,
         7.416600;135.982502;-2.454300;,
         7.989200;137.161306;-2.909000;,
         6.789000;133.768000;-2.025900;,
         0.000000;141.203597;-7.933401;,
         -4.181700;141.280307;-6.441501;,
         -3.850300;137.991898;-6.139401;,
         -6.054200;138.458995;-4.046700;,
         -6.426200;141.421901;-4.260701;,
         -5.404100;135.346701;-3.029600;,
         -3.049800;134.776307;-4.694500;,
         -7.693200;138.868506;-0.576100;,
         -6.863000;136.579302;-1.927400;,
         -7.323600;136.282202;-0.512300;,
         -7.785900;141.638400;-0.597800;,
         -6.129200;136.091802;-2.647100;,
         -1.346100;134.944704;-5.578401;,
         -8.365000;134.271898;-3.680900;,
         -7.583600;133.250701;-3.040401;,
         -8.046699;135.346995;-3.402000;,
         -6.906300;135.028595;-0.671200;,
         -7.323600;136.282202;-0.512300;,
         -7.215400;135.652301;-1.314200;,
         -5.894300;133.332595;-2.234300;,
         -5.404100;135.346701;-3.029600;,
         -4.665400;133.292608;-2.379500;,
         -6.900400;135.024000;-3.255900;,
         -7.097400;136.143706;-2.863900;,
         -7.732600;136.401600;-3.393500;,
         -8.518500;136.326093;-3.521900;,
         -7.989200;137.161306;-2.909000;,
         -7.772200;135.018291;-3.808500;,
         -7.556700;137.015898;-2.671700;,
         -7.365100;136.587290;-1.350700;,
         -6.863000;136.579302;-1.927400;,
         -7.365100;136.587290;-1.350700;,
         -7.323600;136.282202;-0.512300;,
         -7.061100;134.749491;-1.362900;,
         -7.210800;133.325389;-3.096601;,
         -6.482300;132.527398;-2.122500;,
         -7.583600;133.250701;-3.040401;,
         -8.365000;134.271898;-3.680900;,
         -6.129200;136.091802;-2.647100;,
         -5.084900;132.717197;-1.572800;,
         -5.757500;132.432013;-1.430100;,
         -5.589700;132.554304;-1.141000;,
         -5.907200;132.821901;-0.963800;,
         -5.757500;132.432013;-1.430100;,
         -5.589700;132.554304;-1.141000;,
         -6.482300;132.527398;-2.122500;,
         -6.382700;133.585408;-0.861400;,
         -4.026800;134.028506;-3.484500;,
         -4.665400;133.292608;-2.379500;,
         -8.719900;135.561498;-3.862700;,
         -8.719900;135.561498;-3.862700;,
         -8.518500;136.326093;-3.521900;,
         -7.227100;136.803098;-2.262000;,
         -7.567000;137.042995;-1.970800;,
         -7.567000;137.042995;-1.970800;,
         -7.180400;134.975795;-2.380000;,
         -7.416600;135.982502;-2.454300;,
         -7.989200;137.161306;-2.909000;,
         -6.789000;133.768000;-2.025900;;
         142;
         3;0,1,2;,
         3;3,0,2;,
         3;1,0,4;,
         3;5,1,4;,
         3;6,7,8;,
         3;8,7,0;,
         3;8,0,3;,
         3;9,8,3;,
         3;4,0,10;,
         3;0,7,10;,
         3;11,12,13;,
         3;14,15,16;,
         3;17,18,19;,
         3;20,21,22;,
         3;22,21,23;,
         3;23,21,24;,
         3;25,26,27;,
         3;23,24,27;,
         3;27,26,28;,
         3;23,27,28;,
         3;27,24,29;,
         3;25,27,29;,
         3;18,17,30;,
         3;31,32,33;,
         3;17,19,34;,
         3;35,36,37;,
         3;36,22,37;,
         3;22,23,37;,
         3;23,28,37;,
         3;37,28,38;,
         3;35,37,38;,
         3;24,21,39;,
         3;20,22,40;,
         3;41,40,42;,
         3;40,22,36;,
         3;42,40,36;,
         3;43,44,45;,
         3;45,44,46;,
         3;47,45,46;,
         3;5,4,48;,
         3;4,49,48;,
         3;38,28,50;,
         3;28,26,50;,
         3;51,14,52;,
         3;14,16,52;,
         3;29,24,53;,
         3;33,32,53;,
         3;25,29,54;,
         3;30,17,55;,
         3;54,29,53;,
         3;32,54,53;,
         3;15,14,56;,
         3;17,34,56;,
         3;14,51,57;,
         3;51,58,57;,
         3;57,58,55;,
         3;17,57,55;,
         3;57,17,56;,
         3;14,57,56;,
         3;15,56,59;,
         3;56,34,59;,
         3;34,47,59;,
         3;46,15,59;,
         3;47,46,59;,
         3;53,24,39;,
         3;33,53,39;,
         3;5,13,12;,
         3;1,5,12;,
         3;12,60,2;,
         3;1,12,2;,
         3;34,19,47;,
         3;61,62,63;,
         3;61,63,64;,
         3;65,63,62;,
         3;65,62,66;,
         3;67,68,69;,
         3;63,68,67;,
         3;64,63,67;,
         3;64,67,70;,
         3;71,63,65;,
         3;71,68,63;,
         3;72,12,11;,
         3;73,74,75;,
         3;76,77,78;,
         3;79,80,81;,
         3;82,80,79;,
         3;83,80,82;,
         3;84,85,86;,
         3;84,83,82;,
         3;87,85,84;,
         3;87,84,82;,
         3;88,83,84;,
         3;88,84,86;,
         3;89,78,77;,
         3;90,91,92;,
         3;93,76,78;,
         3;94,95,96;,
         3;94,79,95;,
         3;94,82,79;,
         3;94,87,82;,
         3;97,87,94;,
         3;97,94,96;,
         3;98,80,83;,
         3;99,79,81;,
         3;100,99,101;,
         3;95,79,99;,
         3;95,99,100;,
         3;102,103,104;,
         3;105,103,102;,
         3;105,102,106;,
         3;107,65,66;,
         3;107,108,65;,
         3;109,87,97;,
         3;109,85,87;,
         3;110,75,111;,
         3;110,73,75;,
         3;112,83,88;,
         3;112,91,90;,
         3;113,88,86;,
         3;114,78,89;,
         3;112,88,113;,
         3;112,113,91;,
         3;115,75,74;,
         3;115,93,78;,
         3;116,111,75;,
         3;116,117,111;,
         3;114,117,116;,
         3;114,116,78;,
         3;115,78,116;,
         3;115,116,75;,
         3;118,115,74;,
         3;118,93,115;,
         3;118,106,93;,
         3;118,74,105;,
         3;118,105,106;,
         3;98,83,112;,
         3;98,112,90;,
         3;12,72,66;,
         3;12,66,62;,
         3;61,60,12;,
         3;61,12,62;,
         3;106,76,93;;

         MeshNormals {
          142;
          0.697168;-0.134943;-0.704093;,
          0.694640;-0.138202;-0.705957;,
          0.682679;-0.351885;-0.640412;,
          0.585875;-0.448998;-0.674649;,
          0.932216;-0.141437;-0.333121;,
          0.904906;-0.081597;-0.417717;,
          0.901380;-0.142700;-0.408842;,
          0.937603;-0.034090;-0.346032;,
          0.692754;-0.350648;-0.630189;,
          0.762741;-0.311060;-0.566982;,
          0.273350;-0.424947;-0.862960;,
          0.641117;-0.009261;0.767387;,
          0.935462;-0.328062;0.131474;,
          0.121264;-0.338888;-0.932979;,
          -0.221405;-0.404300;-0.887424;,
          -0.068431;0.340357;-0.937803;,
          -0.081846;0.555407;-0.827541;,
          -0.679705;0.346007;-0.646746;,
          -0.128306;0.281607;-0.950913;,
          -0.519703;0.231817;-0.822295;,
          -0.668845;0.477731;-0.569578;,
          -0.533538;0.575486;-0.619801;,
          0.987333;-0.158422;-0.008779;,
          -0.361952;0.881611;0.302908;,
          0.942996;-0.176393;0.282213;,
          -0.052017;-0.753100;-0.655846;,
          -0.488372;-0.459634;-0.741774;,
          -0.540054;-0.175876;-0.823049;,
          -0.527977;-0.174429;-0.831153;,
          -0.204976;-0.320871;-0.924676;,
          0.018287;-0.541259;-0.840657;,
          -0.205554;0.597803;-0.774841;,
          0.097769;-0.785481;-0.611115;,
          -0.411771;-0.900186;0.141809;,
          -0.382256;-0.395129;-0.835316;,
          -0.280015;-0.866831;-0.412548;,
          0.353059;-0.770427;0.530840;,
          0.519833;-0.730084;0.443567;,
          0.712715;-0.508652;0.483022;,
          0.594086;-0.375173;-0.711552;,
          0.626807;-0.430879;-0.649197;,
          0.027718;-0.147016;-0.988746;,
          -0.246572;0.339619;-0.907668;,
          0.595098;-0.191172;0.780584;,
          0.573429;-0.042471;0.818153;,
          -0.784246;0.495325;-0.373646;,
          -0.317467;0.910845;0.263772;,
          -0.333996;0.942048;-0.031515;,
          0.967254;-0.146781;0.207063;,
          -0.562855;0.826216;-0.023674;,
          -0.696681;0.667233;0.263507;,
          0.772291;-0.061544;0.632280;,
          0.982089;-0.172001;0.076923;,
          0.712368;-0.263623;0.650411;,
          0.705369;-0.070568;0.705319;,
          0.885737;-0.290631;0.361944;,
          0.974574;-0.191358;0.116567;,
          0.969653;-0.219572;0.107527;,
          0.779674;-0.137852;0.610823;,
          0.769780;-0.063237;0.635170;,
          0.954171;-0.295686;0.046129;,
          0.879981;-0.408128;0.243033;,
          0.707173;-0.226967;0.669621;,
          0.925544;-0.250894;0.283585;,
          -0.194453;0.681896;-0.705129;,
          -0.538147;0.842563;-0.022036;,
          0.404579;-0.347308;-0.845986;,
          0.301725;-0.452248;-0.839306;,
          0.334291;-0.160158;-0.928762;,
          0.300213;-0.117221;-0.946642;,
          0.868896;-0.360014;0.339720;,
          -0.697168;-0.134943;-0.704093;,
          -0.694640;-0.138202;-0.705957;,
          -0.682679;-0.351885;-0.640412;,
          -0.585875;-0.448998;-0.674649;,
          -0.932216;-0.141437;-0.333121;,
          -0.904906;-0.081597;-0.417717;,
          -0.901380;-0.142700;-0.408842;,
          -0.937603;-0.034090;-0.346032;,
          -0.692754;-0.350648;-0.630189;,
          -0.762741;-0.311060;-0.566982;,
          -0.273350;-0.424947;-0.862960;,
          -0.641117;-0.009261;0.767387;,
          -0.935462;-0.328062;0.131474;,
          -0.121264;-0.338888;-0.932979;,
          0.221405;-0.404300;-0.887424;,
          0.068431;0.340357;-0.937803;,
          0.081846;0.555407;-0.827541;,
          0.679705;0.346007;-0.646746;,
          0.128306;0.281607;-0.950913;,
          0.519703;0.231817;-0.822295;,
          0.668845;0.477731;-0.569578;,
          0.533538;0.575486;-0.619801;,
          -0.987333;-0.158422;-0.008779;,
          0.361952;0.881611;0.302908;,
          -0.942996;-0.176393;0.282213;,
          0.052017;-0.753100;-0.655846;,
          0.488372;-0.459634;-0.741774;,
          0.540054;-0.175876;-0.823049;,
          0.527977;-0.174429;-0.831153;,
          0.204976;-0.320871;-0.924676;,
          -0.018287;-0.541259;-0.840657;,
          0.205554;0.597803;-0.774841;,
          -0.097769;-0.785481;-0.611115;,
          0.411771;-0.900186;0.141809;,
          0.382256;-0.395129;-0.835316;,
          0.280015;-0.866831;-0.412548;,
          -0.353059;-0.770427;0.530840;,
          -0.519833;-0.730084;0.443567;,
          -0.712715;-0.508652;0.483022;,
          -0.594086;-0.375173;-0.711552;,
          -0.626807;-0.430879;-0.649197;,
          -0.027718;-0.147016;-0.988746;,
          0.246572;0.339619;-0.907668;,
          -0.595098;-0.191172;0.780584;,
          -0.573429;-0.042471;0.818153;,
          0.784246;0.495325;-0.373646;,
          0.317467;0.910845;0.263772;,
          0.333996;0.942048;-0.031515;,
          -0.967254;-0.146781;0.207063;,
          0.562855;0.826216;-0.023674;,
          0.696681;0.667233;0.263507;,
          -0.772291;-0.061544;0.632280;,
          -0.982089;-0.172001;0.076923;,
          -0.712368;-0.263623;0.650411;,
          -0.705369;-0.070568;0.705319;,
          -0.885737;-0.290631;0.361944;,
          -0.974574;-0.191358;0.116567;,
          -0.969653;-0.219572;0.107527;,
          -0.779674;-0.137852;0.610823;,
          -0.769780;-0.063237;0.635170;,
          -0.954171;-0.295686;0.046129;,
          -0.879981;-0.408128;0.243033;,
          -0.707173;-0.226967;0.669621;,
          -0.925544;-0.250894;0.283585;,
          0.194453;0.681896;-0.705129;,
          0.538147;0.842563;-0.022036;,
          -0.404579;-0.347308;-0.845986;,
          -0.301725;-0.452248;-0.839306;,
          -0.334291;-0.160158;-0.928762;,
          -0.300213;-0.117221;-0.946642;,
          -0.868896;-0.360014;0.339720;;
          142;
          3;0,0,0;,
          3;1,1,1;,
          3;2,2,2;,
          3;3,3,3;,
          3;4,4,4;,
          3;5,5,5;,
          3;6,6,6;,
          3;7,7,7;,
          3;8,8,8;,
          3;9,9,9;,
          3;10,10,10;,
          3;11,11,11;,
          3;12,12,12;,
          3;13,13,13;,
          3;14,14,14;,
          3;15,15,15;,
          3;16,16,16;,
          3;17,17,17;,
          3;18,18,18;,
          3;19,19,19;,
          3;20,20,20;,
          3;21,21,21;,
          3;22,22,22;,
          3;23,23,23;,
          3;24,24,24;,
          3;25,25,25;,
          3;26,26,26;,
          3;27,27,27;,
          3;28,28,28;,
          3;29,29,29;,
          3;30,30,30;,
          3;31,31,31;,
          3;32,32,32;,
          3;33,33,33;,
          3;34,34,34;,
          3;35,35,35;,
          3;36,36,36;,
          3;37,37,37;,
          3;38,38,38;,
          3;39,39,39;,
          3;40,40,40;,
          3;41,41,41;,
          3;42,42,42;,
          3;43,43,43;,
          3;44,44,44;,
          3;45,45,45;,
          3;46,46,46;,
          3;47,47,47;,
          3;48,48,48;,
          3;49,49,49;,
          3;50,50,50;,
          3;51,51,51;,
          3;52,52,52;,
          3;53,53,53;,
          3;54,54,54;,
          3;55,55,55;,
          3;56,56,56;,
          3;57,57,57;,
          3;58,58,58;,
          3;59,59,59;,
          3;60,60,60;,
          3;61,61,61;,
          3;62,62,62;,
          3;63,63,63;,
          3;64,64,64;,
          3;65,65,65;,
          3;66,66,66;,
          3;67,67,67;,
          3;68,68,68;,
          3;69,69,69;,
          3;70,70,70;,
          3;71,71,71;,
          3;72,72,72;,
          3;73,73,73;,
          3;74,74,74;,
          3;75,75,75;,
          3;76,76,76;,
          3;77,77,77;,
          3;78,78,78;,
          3;79,79,79;,
          3;80,80,80;,
